{
 "cells": [
  {
   "cell_type": "code",
   "execution_count": 1,
   "metadata": {},
   "outputs": [],
   "source": [
    "import pandas as pd\n",
    "import pickle\n",
    "import seaborn as sns\n",
    "\n",
    "# Necessary imports\n",
    "import statsmodels.api as sm\n",
    "import statsmodels.formula.api as smf\n",
    "import patsy\n",
    "from statsmodels.multivariate.pca import PCA\n",
    "from sklearn.linear_model import LinearRegression\n",
    "import matplotlib.pyplot as plt\n",
    "import scipy.stats as stats\n",
    "%matplotlib inline"
   ]
  },
  {
   "cell_type": "code",
   "execution_count": 2,
   "metadata": {},
   "outputs": [],
   "source": [
    "def diagnostic_plot(x, y):\n",
    "    plt.figure(figsize=(20,5))\n",
    "    \n",
    "    rgr = LinearRegression()\n",
    "    rgr.fit(x,y)\n",
    "    pred = rgr.predict(x)\n",
    "\n",
    "    plt.subplot(1, 3, 1)\n",
    "    plt.scatter(x,y)\n",
    "    plt.plot(x, pred, color='blue',linewidth=1)\n",
    "    plt.title(\"Regression fit\")\n",
    "    plt.xlabel(\"x\")\n",
    "    plt.ylabel(\"y\")\n",
    "    \n",
    "    plt.subplot(1, 3, 2)\n",
    "    res = y - pred\n",
    "    plt.scatter(pred, res)\n",
    "    plt.title(\"Residual plot\")\n",
    "    plt.xlabel(\"prediction\")\n",
    "    plt.ylabel(\"residuals\")\n",
    "    \n",
    "    plt.subplot(1, 3, 3)\n",
    "    #Generates a probability plot of sample data against the quantiles of a \n",
    "    # specified theoretical distribution \n",
    "    stats.probplot(res, dist=\"norm\", plot=plt)\n",
    "    plt.title(\"Normal Q-Q plot\")"
   ]
  },
  {
   "cell_type": "code",
   "execution_count": 3,
   "metadata": {},
   "outputs": [],
   "source": [
    "new_era = pickle.load(open('ready_for_model_new_era.p','rb'))"
   ]
  },
  {
   "cell_type": "code",
   "execution_count": 4,
   "metadata": {},
   "outputs": [
    {
     "data": {
      "text/html": [
       "<div>\n",
       "<style scoped>\n",
       "    .dataframe tbody tr th:only-of-type {\n",
       "        vertical-align: middle;\n",
       "    }\n",
       "\n",
       "    .dataframe tbody tr th {\n",
       "        vertical-align: top;\n",
       "    }\n",
       "\n",
       "    .dataframe thead th {\n",
       "        text-align: right;\n",
       "    }\n",
       "</style>\n",
       "<table border=\"1\" class=\"dataframe\">\n",
       "  <thead>\n",
       "    <tr style=\"text-align: right;\">\n",
       "      <th></th>\n",
       "      <th>ORtg_p1</th>\n",
       "      <th>ORtg_p2</th>\n",
       "      <th>ORtg_p3</th>\n",
       "      <th>ORtg_p4</th>\n",
       "      <th>ORtg_p5</th>\n",
       "      <th>DRtg_p1</th>\n",
       "      <th>DRtg_p2</th>\n",
       "      <th>DRtg_p3</th>\n",
       "      <th>DRtg_p4</th>\n",
       "      <th>DRtg_p5</th>\n",
       "      <th>win_per</th>\n",
       "      <th>year</th>\n",
       "    </tr>\n",
       "  </thead>\n",
       "  <tbody>\n",
       "    <tr>\n",
       "      <th>77</th>\n",
       "      <td>129.0</td>\n",
       "      <td>118.0</td>\n",
       "      <td>112.0</td>\n",
       "      <td>109.0</td>\n",
       "      <td>104.0</td>\n",
       "      <td>108.0</td>\n",
       "      <td>107.0</td>\n",
       "      <td>106.0</td>\n",
       "      <td>105.0</td>\n",
       "      <td>99.0</td>\n",
       "      <td>0.621951</td>\n",
       "      <td>2017</td>\n",
       "    </tr>\n",
       "    <tr>\n",
       "      <th>49</th>\n",
       "      <td>127.0</td>\n",
       "      <td>123.0</td>\n",
       "      <td>122.0</td>\n",
       "      <td>111.0</td>\n",
       "      <td>101.0</td>\n",
       "      <td>113.0</td>\n",
       "      <td>112.0</td>\n",
       "      <td>112.0</td>\n",
       "      <td>110.0</td>\n",
       "      <td>107.0</td>\n",
       "      <td>0.573171</td>\n",
       "      <td>2018</td>\n",
       "    </tr>\n",
       "    <tr>\n",
       "      <th>2</th>\n",
       "      <td>111.0</td>\n",
       "      <td>106.0</td>\n",
       "      <td>105.0</td>\n",
       "      <td>102.0</td>\n",
       "      <td>93.0</td>\n",
       "      <td>116.0</td>\n",
       "      <td>116.0</td>\n",
       "      <td>116.0</td>\n",
       "      <td>116.0</td>\n",
       "      <td>111.0</td>\n",
       "      <td>0.207317</td>\n",
       "      <td>2019</td>\n",
       "    </tr>\n",
       "    <tr>\n",
       "      <th>172</th>\n",
       "      <td>119.0</td>\n",
       "      <td>113.0</td>\n",
       "      <td>112.0</td>\n",
       "      <td>111.0</td>\n",
       "      <td>111.0</td>\n",
       "      <td>109.0</td>\n",
       "      <td>108.0</td>\n",
       "      <td>107.0</td>\n",
       "      <td>106.0</td>\n",
       "      <td>106.0</td>\n",
       "      <td>0.585366</td>\n",
       "      <td>2014</td>\n",
       "    </tr>\n",
       "    <tr>\n",
       "      <th>76</th>\n",
       "      <td>118.0</td>\n",
       "      <td>117.0</td>\n",
       "      <td>114.0</td>\n",
       "      <td>112.0</td>\n",
       "      <td>100.0</td>\n",
       "      <td>114.0</td>\n",
       "      <td>113.0</td>\n",
       "      <td>113.0</td>\n",
       "      <td>110.0</td>\n",
       "      <td>108.0</td>\n",
       "      <td>0.500000</td>\n",
       "      <td>2017</td>\n",
       "    </tr>\n",
       "  </tbody>\n",
       "</table>\n",
       "</div>"
      ],
      "text/plain": [
       "     ORtg_p1  ORtg_p2  ORtg_p3  ORtg_p4  ORtg_p5  DRtg_p1  DRtg_p2  DRtg_p3  \\\n",
       "77     129.0    118.0    112.0    109.0    104.0    108.0    107.0    106.0   \n",
       "49     127.0    123.0    122.0    111.0    101.0    113.0    112.0    112.0   \n",
       "2      111.0    106.0    105.0    102.0     93.0    116.0    116.0    116.0   \n",
       "172    119.0    113.0    112.0    111.0    111.0    109.0    108.0    107.0   \n",
       "76     118.0    117.0    114.0    112.0    100.0    114.0    113.0    113.0   \n",
       "\n",
       "     DRtg_p4  DRtg_p5   win_per  year  \n",
       "77     105.0     99.0  0.621951  2017  \n",
       "49     110.0    107.0  0.573171  2018  \n",
       "2      116.0    111.0  0.207317  2019  \n",
       "172    106.0    106.0  0.585366  2014  \n",
       "76     110.0    108.0  0.500000  2017  "
      ]
     },
     "execution_count": 4,
     "metadata": {},
     "output_type": "execute_result"
    }
   ],
   "source": [
    "new_era.sample(5)"
   ]
  },
  {
   "cell_type": "code",
   "execution_count": 5,
   "metadata": {},
   "outputs": [],
   "source": [
    "old_era = pickle.load(open('ready_for_model_old_era.p','rb'))"
   ]
  },
  {
   "cell_type": "code",
   "execution_count": 6,
   "metadata": {},
   "outputs": [
    {
     "data": {
      "text/html": [
       "<div>\n",
       "<style scoped>\n",
       "    .dataframe tbody tr th:only-of-type {\n",
       "        vertical-align: middle;\n",
       "    }\n",
       "\n",
       "    .dataframe tbody tr th {\n",
       "        vertical-align: top;\n",
       "    }\n",
       "\n",
       "    .dataframe thead th {\n",
       "        text-align: right;\n",
       "    }\n",
       "</style>\n",
       "<table border=\"1\" class=\"dataframe\">\n",
       "  <thead>\n",
       "    <tr style=\"text-align: right;\">\n",
       "      <th></th>\n",
       "      <th>ORtg_p1</th>\n",
       "      <th>ORtg_p2</th>\n",
       "      <th>ORtg_p3</th>\n",
       "      <th>ORtg_p4</th>\n",
       "      <th>ORtg_p5</th>\n",
       "      <th>DRtg_p1</th>\n",
       "      <th>DRtg_p2</th>\n",
       "      <th>DRtg_p3</th>\n",
       "      <th>DRtg_p4</th>\n",
       "      <th>DRtg_p5</th>\n",
       "      <th>win_per</th>\n",
       "      <th>year</th>\n",
       "    </tr>\n",
       "  </thead>\n",
       "  <tbody>\n",
       "    <tr>\n",
       "      <th>109</th>\n",
       "      <td>120.0</td>\n",
       "      <td>119.0</td>\n",
       "      <td>119.0</td>\n",
       "      <td>116.0</td>\n",
       "      <td>114.0</td>\n",
       "      <td>113</td>\n",
       "      <td>112</td>\n",
       "      <td>110</td>\n",
       "      <td>109</td>\n",
       "      <td>105</td>\n",
       "      <td>0.719512</td>\n",
       "      <td>1995</td>\n",
       "    </tr>\n",
       "    <tr>\n",
       "      <th>144</th>\n",
       "      <td>114.0</td>\n",
       "      <td>110.0</td>\n",
       "      <td>109.0</td>\n",
       "      <td>105.0</td>\n",
       "      <td>103.0</td>\n",
       "      <td>109</td>\n",
       "      <td>108</td>\n",
       "      <td>107</td>\n",
       "      <td>106</td>\n",
       "      <td>106</td>\n",
       "      <td>0.500000</td>\n",
       "      <td>1993</td>\n",
       "    </tr>\n",
       "    <tr>\n",
       "      <th>129</th>\n",
       "      <td>119.0</td>\n",
       "      <td>119.0</td>\n",
       "      <td>116.0</td>\n",
       "      <td>115.0</td>\n",
       "      <td>109.0</td>\n",
       "      <td>108</td>\n",
       "      <td>108</td>\n",
       "      <td>107</td>\n",
       "      <td>100</td>\n",
       "      <td>98</td>\n",
       "      <td>0.670732</td>\n",
       "      <td>1994</td>\n",
       "    </tr>\n",
       "    <tr>\n",
       "      <th>126</th>\n",
       "      <td>110.0</td>\n",
       "      <td>110.0</td>\n",
       "      <td>102.0</td>\n",
       "      <td>97.0</td>\n",
       "      <td>92.0</td>\n",
       "      <td>115</td>\n",
       "      <td>114</td>\n",
       "      <td>113</td>\n",
       "      <td>111</td>\n",
       "      <td>109</td>\n",
       "      <td>0.243902</td>\n",
       "      <td>1994</td>\n",
       "    </tr>\n",
       "    <tr>\n",
       "      <th>193</th>\n",
       "      <td>118.0</td>\n",
       "      <td>116.0</td>\n",
       "      <td>114.0</td>\n",
       "      <td>112.0</td>\n",
       "      <td>111.0</td>\n",
       "      <td>112</td>\n",
       "      <td>111</td>\n",
       "      <td>110</td>\n",
       "      <td>109</td>\n",
       "      <td>107</td>\n",
       "      <td>0.670732</td>\n",
       "      <td>1992</td>\n",
       "    </tr>\n",
       "  </tbody>\n",
       "</table>\n",
       "</div>"
      ],
      "text/plain": [
       "     ORtg_p1  ORtg_p2  ORtg_p3  ORtg_p4  ORtg_p5  DRtg_p1  DRtg_p2  DRtg_p3  \\\n",
       "109    120.0    119.0    119.0    116.0    114.0      113      112      110   \n",
       "144    114.0    110.0    109.0    105.0    103.0      109      108      107   \n",
       "129    119.0    119.0    116.0    115.0    109.0      108      108      107   \n",
       "126    110.0    110.0    102.0     97.0     92.0      115      114      113   \n",
       "193    118.0    116.0    114.0    112.0    111.0      112      111      110   \n",
       "\n",
       "     DRtg_p4  DRtg_p5   win_per  year  \n",
       "109      109      105  0.719512  1995  \n",
       "144      106      106  0.500000  1993  \n",
       "129      100       98  0.670732  1994  \n",
       "126      111      109  0.243902  1994  \n",
       "193      109      107  0.670732  1992  "
      ]
     },
     "execution_count": 6,
     "metadata": {},
     "output_type": "execute_result"
    }
   ],
   "source": [
    "old_era.sample(5)"
   ]
  },
  {
   "cell_type": "code",
   "execution_count": 7,
   "metadata": {},
   "outputs": [
    {
     "data": {
      "text/html": [
       "<div>\n",
       "<style scoped>\n",
       "    .dataframe tbody tr th:only-of-type {\n",
       "        vertical-align: middle;\n",
       "    }\n",
       "\n",
       "    .dataframe tbody tr th {\n",
       "        vertical-align: top;\n",
       "    }\n",
       "\n",
       "    .dataframe thead th {\n",
       "        text-align: right;\n",
       "    }\n",
       "</style>\n",
       "<table border=\"1\" class=\"dataframe\">\n",
       "  <thead>\n",
       "    <tr style=\"text-align: right;\">\n",
       "      <th></th>\n",
       "      <th>ORtg_p1</th>\n",
       "      <th>ORtg_p2</th>\n",
       "      <th>ORtg_p3</th>\n",
       "      <th>ORtg_p4</th>\n",
       "      <th>ORtg_p5</th>\n",
       "      <th>DRtg_p1</th>\n",
       "      <th>DRtg_p2</th>\n",
       "      <th>DRtg_p3</th>\n",
       "      <th>DRtg_p4</th>\n",
       "      <th>DRtg_p5</th>\n",
       "      <th>win_per</th>\n",
       "    </tr>\n",
       "  </thead>\n",
       "  <tbody>\n",
       "    <tr>\n",
       "      <th>ORtg_p1</th>\n",
       "      <td>1.000000</td>\n",
       "      <td>0.718335</td>\n",
       "      <td>0.674365</td>\n",
       "      <td>0.579431</td>\n",
       "      <td>0.430895</td>\n",
       "      <td>-0.027947</td>\n",
       "      <td>-0.054195</td>\n",
       "      <td>-0.046438</td>\n",
       "      <td>-0.031688</td>\n",
       "      <td>-0.056012</td>\n",
       "      <td>0.576118</td>\n",
       "    </tr>\n",
       "    <tr>\n",
       "      <th>ORtg_p2</th>\n",
       "      <td>0.718335</td>\n",
       "      <td>1.000000</td>\n",
       "      <td>0.875557</td>\n",
       "      <td>0.722225</td>\n",
       "      <td>0.540846</td>\n",
       "      <td>-0.027692</td>\n",
       "      <td>-0.071879</td>\n",
       "      <td>-0.082783</td>\n",
       "      <td>-0.076133</td>\n",
       "      <td>-0.096134</td>\n",
       "      <td>0.646887</td>\n",
       "    </tr>\n",
       "    <tr>\n",
       "      <th>ORtg_p3</th>\n",
       "      <td>0.674365</td>\n",
       "      <td>0.875557</td>\n",
       "      <td>1.000000</td>\n",
       "      <td>0.826676</td>\n",
       "      <td>0.612993</td>\n",
       "      <td>-0.018066</td>\n",
       "      <td>-0.067476</td>\n",
       "      <td>-0.093564</td>\n",
       "      <td>-0.098620</td>\n",
       "      <td>-0.107132</td>\n",
       "      <td>0.660908</td>\n",
       "    </tr>\n",
       "    <tr>\n",
       "      <th>ORtg_p4</th>\n",
       "      <td>0.579431</td>\n",
       "      <td>0.722225</td>\n",
       "      <td>0.826676</td>\n",
       "      <td>1.000000</td>\n",
       "      <td>0.718186</td>\n",
       "      <td>-0.012651</td>\n",
       "      <td>-0.067642</td>\n",
       "      <td>-0.081999</td>\n",
       "      <td>-0.091276</td>\n",
       "      <td>-0.077234</td>\n",
       "      <td>0.643145</td>\n",
       "    </tr>\n",
       "    <tr>\n",
       "      <th>ORtg_p5</th>\n",
       "      <td>0.430895</td>\n",
       "      <td>0.540846</td>\n",
       "      <td>0.612993</td>\n",
       "      <td>0.718186</td>\n",
       "      <td>1.000000</td>\n",
       "      <td>-0.035641</td>\n",
       "      <td>-0.109733</td>\n",
       "      <td>-0.101307</td>\n",
       "      <td>-0.091686</td>\n",
       "      <td>-0.072255</td>\n",
       "      <td>0.552211</td>\n",
       "    </tr>\n",
       "    <tr>\n",
       "      <th>DRtg_p1</th>\n",
       "      <td>-0.027947</td>\n",
       "      <td>-0.027692</td>\n",
       "      <td>-0.018066</td>\n",
       "      <td>-0.012651</td>\n",
       "      <td>-0.035641</td>\n",
       "      <td>1.000000</td>\n",
       "      <td>0.945772</td>\n",
       "      <td>0.902319</td>\n",
       "      <td>0.881686</td>\n",
       "      <td>0.784978</td>\n",
       "      <td>-0.568895</td>\n",
       "    </tr>\n",
       "    <tr>\n",
       "      <th>DRtg_p2</th>\n",
       "      <td>-0.054195</td>\n",
       "      <td>-0.071879</td>\n",
       "      <td>-0.067476</td>\n",
       "      <td>-0.067642</td>\n",
       "      <td>-0.109733</td>\n",
       "      <td>0.945772</td>\n",
       "      <td>1.000000</td>\n",
       "      <td>0.933367</td>\n",
       "      <td>0.897608</td>\n",
       "      <td>0.789994</td>\n",
       "      <td>-0.602978</td>\n",
       "    </tr>\n",
       "    <tr>\n",
       "      <th>DRtg_p3</th>\n",
       "      <td>-0.046438</td>\n",
       "      <td>-0.082783</td>\n",
       "      <td>-0.093564</td>\n",
       "      <td>-0.081999</td>\n",
       "      <td>-0.101307</td>\n",
       "      <td>0.902319</td>\n",
       "      <td>0.933367</td>\n",
       "      <td>1.000000</td>\n",
       "      <td>0.934333</td>\n",
       "      <td>0.831496</td>\n",
       "      <td>-0.593168</td>\n",
       "    </tr>\n",
       "    <tr>\n",
       "      <th>DRtg_p4</th>\n",
       "      <td>-0.031688</td>\n",
       "      <td>-0.076133</td>\n",
       "      <td>-0.098620</td>\n",
       "      <td>-0.091276</td>\n",
       "      <td>-0.091686</td>\n",
       "      <td>0.881686</td>\n",
       "      <td>0.897608</td>\n",
       "      <td>0.934333</td>\n",
       "      <td>1.000000</td>\n",
       "      <td>0.849255</td>\n",
       "      <td>-0.591718</td>\n",
       "    </tr>\n",
       "    <tr>\n",
       "      <th>DRtg_p5</th>\n",
       "      <td>-0.056012</td>\n",
       "      <td>-0.096134</td>\n",
       "      <td>-0.107132</td>\n",
       "      <td>-0.077234</td>\n",
       "      <td>-0.072255</td>\n",
       "      <td>0.784978</td>\n",
       "      <td>0.789994</td>\n",
       "      <td>0.831496</td>\n",
       "      <td>0.849255</td>\n",
       "      <td>1.000000</td>\n",
       "      <td>-0.549733</td>\n",
       "    </tr>\n",
       "    <tr>\n",
       "      <th>win_per</th>\n",
       "      <td>0.576118</td>\n",
       "      <td>0.646887</td>\n",
       "      <td>0.660908</td>\n",
       "      <td>0.643145</td>\n",
       "      <td>0.552211</td>\n",
       "      <td>-0.568895</td>\n",
       "      <td>-0.602978</td>\n",
       "      <td>-0.593168</td>\n",
       "      <td>-0.591718</td>\n",
       "      <td>-0.549733</td>\n",
       "      <td>1.000000</td>\n",
       "    </tr>\n",
       "  </tbody>\n",
       "</table>\n",
       "</div>"
      ],
      "text/plain": [
       "          ORtg_p1   ORtg_p2   ORtg_p3   ORtg_p4   ORtg_p5   DRtg_p1   DRtg_p2  \\\n",
       "ORtg_p1  1.000000  0.718335  0.674365  0.579431  0.430895 -0.027947 -0.054195   \n",
       "ORtg_p2  0.718335  1.000000  0.875557  0.722225  0.540846 -0.027692 -0.071879   \n",
       "ORtg_p3  0.674365  0.875557  1.000000  0.826676  0.612993 -0.018066 -0.067476   \n",
       "ORtg_p4  0.579431  0.722225  0.826676  1.000000  0.718186 -0.012651 -0.067642   \n",
       "ORtg_p5  0.430895  0.540846  0.612993  0.718186  1.000000 -0.035641 -0.109733   \n",
       "DRtg_p1 -0.027947 -0.027692 -0.018066 -0.012651 -0.035641  1.000000  0.945772   \n",
       "DRtg_p2 -0.054195 -0.071879 -0.067476 -0.067642 -0.109733  0.945772  1.000000   \n",
       "DRtg_p3 -0.046438 -0.082783 -0.093564 -0.081999 -0.101307  0.902319  0.933367   \n",
       "DRtg_p4 -0.031688 -0.076133 -0.098620 -0.091276 -0.091686  0.881686  0.897608   \n",
       "DRtg_p5 -0.056012 -0.096134 -0.107132 -0.077234 -0.072255  0.784978  0.789994   \n",
       "win_per  0.576118  0.646887  0.660908  0.643145  0.552211 -0.568895 -0.602978   \n",
       "\n",
       "          DRtg_p3   DRtg_p4   DRtg_p5   win_per  \n",
       "ORtg_p1 -0.046438 -0.031688 -0.056012  0.576118  \n",
       "ORtg_p2 -0.082783 -0.076133 -0.096134  0.646887  \n",
       "ORtg_p3 -0.093564 -0.098620 -0.107132  0.660908  \n",
       "ORtg_p4 -0.081999 -0.091276 -0.077234  0.643145  \n",
       "ORtg_p5 -0.101307 -0.091686 -0.072255  0.552211  \n",
       "DRtg_p1  0.902319  0.881686  0.784978 -0.568895  \n",
       "DRtg_p2  0.933367  0.897608  0.789994 -0.602978  \n",
       "DRtg_p3  1.000000  0.934333  0.831496 -0.593168  \n",
       "DRtg_p4  0.934333  1.000000  0.849255 -0.591718  \n",
       "DRtg_p5  0.831496  0.849255  1.000000 -0.549733  \n",
       "win_per -0.593168 -0.591718 -0.549733  1.000000  "
      ]
     },
     "execution_count": 7,
     "metadata": {},
     "output_type": "execute_result"
    }
   ],
   "source": [
    "new_era.corr()"
   ]
  },
  {
   "cell_type": "code",
   "execution_count": 8,
   "metadata": {},
   "outputs": [
    {
     "data": {
      "text/html": [
       "<div>\n",
       "<style scoped>\n",
       "    .dataframe tbody tr th:only-of-type {\n",
       "        vertical-align: middle;\n",
       "    }\n",
       "\n",
       "    .dataframe tbody tr th {\n",
       "        vertical-align: top;\n",
       "    }\n",
       "\n",
       "    .dataframe thead th {\n",
       "        text-align: right;\n",
       "    }\n",
       "</style>\n",
       "<table border=\"1\" class=\"dataframe\">\n",
       "  <thead>\n",
       "    <tr style=\"text-align: right;\">\n",
       "      <th></th>\n",
       "      <th>ORtg_p1</th>\n",
       "      <th>ORtg_p2</th>\n",
       "      <th>ORtg_p3</th>\n",
       "      <th>ORtg_p4</th>\n",
       "      <th>ORtg_p5</th>\n",
       "      <th>DRtg_p1</th>\n",
       "      <th>DRtg_p2</th>\n",
       "      <th>DRtg_p3</th>\n",
       "      <th>DRtg_p4</th>\n",
       "      <th>DRtg_p5</th>\n",
       "      <th>win_per</th>\n",
       "    </tr>\n",
       "  </thead>\n",
       "  <tbody>\n",
       "    <tr>\n",
       "      <th>ORtg_p1</th>\n",
       "      <td>1.000000</td>\n",
       "      <td>0.801239</td>\n",
       "      <td>0.732858</td>\n",
       "      <td>0.640869</td>\n",
       "      <td>0.577615</td>\n",
       "      <td>-0.216192</td>\n",
       "      <td>-0.176007</td>\n",
       "      <td>-0.249362</td>\n",
       "      <td>-0.216951</td>\n",
       "      <td>-0.246990</td>\n",
       "      <td>0.601898</td>\n",
       "    </tr>\n",
       "    <tr>\n",
       "      <th>ORtg_p2</th>\n",
       "      <td>0.801239</td>\n",
       "      <td>1.000000</td>\n",
       "      <td>0.888141</td>\n",
       "      <td>0.798356</td>\n",
       "      <td>0.654810</td>\n",
       "      <td>-0.211760</td>\n",
       "      <td>-0.174352</td>\n",
       "      <td>-0.219481</td>\n",
       "      <td>-0.189950</td>\n",
       "      <td>-0.251698</td>\n",
       "      <td>0.694601</td>\n",
       "    </tr>\n",
       "    <tr>\n",
       "      <th>ORtg_p3</th>\n",
       "      <td>0.732858</td>\n",
       "      <td>0.888141</td>\n",
       "      <td>1.000000</td>\n",
       "      <td>0.868792</td>\n",
       "      <td>0.715963</td>\n",
       "      <td>-0.243366</td>\n",
       "      <td>-0.217765</td>\n",
       "      <td>-0.268382</td>\n",
       "      <td>-0.233601</td>\n",
       "      <td>-0.275496</td>\n",
       "      <td>0.720160</td>\n",
       "    </tr>\n",
       "    <tr>\n",
       "      <th>ORtg_p4</th>\n",
       "      <td>0.640869</td>\n",
       "      <td>0.798356</td>\n",
       "      <td>0.868792</td>\n",
       "      <td>1.000000</td>\n",
       "      <td>0.798822</td>\n",
       "      <td>-0.279375</td>\n",
       "      <td>-0.267777</td>\n",
       "      <td>-0.296512</td>\n",
       "      <td>-0.287827</td>\n",
       "      <td>-0.323228</td>\n",
       "      <td>0.733449</td>\n",
       "    </tr>\n",
       "    <tr>\n",
       "      <th>ORtg_p5</th>\n",
       "      <td>0.577615</td>\n",
       "      <td>0.654810</td>\n",
       "      <td>0.715963</td>\n",
       "      <td>0.798822</td>\n",
       "      <td>1.000000</td>\n",
       "      <td>-0.278207</td>\n",
       "      <td>-0.255708</td>\n",
       "      <td>-0.259965</td>\n",
       "      <td>-0.254723</td>\n",
       "      <td>-0.301618</td>\n",
       "      <td>0.676178</td>\n",
       "    </tr>\n",
       "    <tr>\n",
       "      <th>DRtg_p1</th>\n",
       "      <td>-0.216192</td>\n",
       "      <td>-0.211760</td>\n",
       "      <td>-0.243366</td>\n",
       "      <td>-0.279375</td>\n",
       "      <td>-0.278207</td>\n",
       "      <td>1.000000</td>\n",
       "      <td>0.934222</td>\n",
       "      <td>0.893098</td>\n",
       "      <td>0.873211</td>\n",
       "      <td>0.818210</td>\n",
       "      <td>-0.699035</td>\n",
       "    </tr>\n",
       "    <tr>\n",
       "      <th>DRtg_p2</th>\n",
       "      <td>-0.176007</td>\n",
       "      <td>-0.174352</td>\n",
       "      <td>-0.217765</td>\n",
       "      <td>-0.267777</td>\n",
       "      <td>-0.255708</td>\n",
       "      <td>0.934222</td>\n",
       "      <td>1.000000</td>\n",
       "      <td>0.951083</td>\n",
       "      <td>0.914255</td>\n",
       "      <td>0.842384</td>\n",
       "      <td>-0.703922</td>\n",
       "    </tr>\n",
       "    <tr>\n",
       "      <th>DRtg_p3</th>\n",
       "      <td>-0.249362</td>\n",
       "      <td>-0.219481</td>\n",
       "      <td>-0.268382</td>\n",
       "      <td>-0.296512</td>\n",
       "      <td>-0.259965</td>\n",
       "      <td>0.893098</td>\n",
       "      <td>0.951083</td>\n",
       "      <td>1.000000</td>\n",
       "      <td>0.932732</td>\n",
       "      <td>0.838017</td>\n",
       "      <td>-0.721113</td>\n",
       "    </tr>\n",
       "    <tr>\n",
       "      <th>DRtg_p4</th>\n",
       "      <td>-0.216951</td>\n",
       "      <td>-0.189950</td>\n",
       "      <td>-0.233601</td>\n",
       "      <td>-0.287827</td>\n",
       "      <td>-0.254723</td>\n",
       "      <td>0.873211</td>\n",
       "      <td>0.914255</td>\n",
       "      <td>0.932732</td>\n",
       "      <td>1.000000</td>\n",
       "      <td>0.877032</td>\n",
       "      <td>-0.704929</td>\n",
       "    </tr>\n",
       "    <tr>\n",
       "      <th>DRtg_p5</th>\n",
       "      <td>-0.246990</td>\n",
       "      <td>-0.251698</td>\n",
       "      <td>-0.275496</td>\n",
       "      <td>-0.323228</td>\n",
       "      <td>-0.301618</td>\n",
       "      <td>0.818210</td>\n",
       "      <td>0.842384</td>\n",
       "      <td>0.838017</td>\n",
       "      <td>0.877032</td>\n",
       "      <td>1.000000</td>\n",
       "      <td>-0.725712</td>\n",
       "    </tr>\n",
       "    <tr>\n",
       "      <th>win_per</th>\n",
       "      <td>0.601898</td>\n",
       "      <td>0.694601</td>\n",
       "      <td>0.720160</td>\n",
       "      <td>0.733449</td>\n",
       "      <td>0.676178</td>\n",
       "      <td>-0.699035</td>\n",
       "      <td>-0.703922</td>\n",
       "      <td>-0.721113</td>\n",
       "      <td>-0.704929</td>\n",
       "      <td>-0.725712</td>\n",
       "      <td>1.000000</td>\n",
       "    </tr>\n",
       "  </tbody>\n",
       "</table>\n",
       "</div>"
      ],
      "text/plain": [
       "          ORtg_p1   ORtg_p2   ORtg_p3   ORtg_p4   ORtg_p5   DRtg_p1   DRtg_p2  \\\n",
       "ORtg_p1  1.000000  0.801239  0.732858  0.640869  0.577615 -0.216192 -0.176007   \n",
       "ORtg_p2  0.801239  1.000000  0.888141  0.798356  0.654810 -0.211760 -0.174352   \n",
       "ORtg_p3  0.732858  0.888141  1.000000  0.868792  0.715963 -0.243366 -0.217765   \n",
       "ORtg_p4  0.640869  0.798356  0.868792  1.000000  0.798822 -0.279375 -0.267777   \n",
       "ORtg_p5  0.577615  0.654810  0.715963  0.798822  1.000000 -0.278207 -0.255708   \n",
       "DRtg_p1 -0.216192 -0.211760 -0.243366 -0.279375 -0.278207  1.000000  0.934222   \n",
       "DRtg_p2 -0.176007 -0.174352 -0.217765 -0.267777 -0.255708  0.934222  1.000000   \n",
       "DRtg_p3 -0.249362 -0.219481 -0.268382 -0.296512 -0.259965  0.893098  0.951083   \n",
       "DRtg_p4 -0.216951 -0.189950 -0.233601 -0.287827 -0.254723  0.873211  0.914255   \n",
       "DRtg_p5 -0.246990 -0.251698 -0.275496 -0.323228 -0.301618  0.818210  0.842384   \n",
       "win_per  0.601898  0.694601  0.720160  0.733449  0.676178 -0.699035 -0.703922   \n",
       "\n",
       "          DRtg_p3   DRtg_p4   DRtg_p5   win_per  \n",
       "ORtg_p1 -0.249362 -0.216951 -0.246990  0.601898  \n",
       "ORtg_p2 -0.219481 -0.189950 -0.251698  0.694601  \n",
       "ORtg_p3 -0.268382 -0.233601 -0.275496  0.720160  \n",
       "ORtg_p4 -0.296512 -0.287827 -0.323228  0.733449  \n",
       "ORtg_p5 -0.259965 -0.254723 -0.301618  0.676178  \n",
       "DRtg_p1  0.893098  0.873211  0.818210 -0.699035  \n",
       "DRtg_p2  0.951083  0.914255  0.842384 -0.703922  \n",
       "DRtg_p3  1.000000  0.932732  0.838017 -0.721113  \n",
       "DRtg_p4  0.932732  1.000000  0.877032 -0.704929  \n",
       "DRtg_p5  0.838017  0.877032  1.000000 -0.725712  \n",
       "win_per -0.721113 -0.704929 -0.725712  1.000000  "
      ]
     },
     "execution_count": 8,
     "metadata": {},
     "output_type": "execute_result"
    }
   ],
   "source": [
    "old_era.corr()"
   ]
  },
  {
   "cell_type": "code",
   "execution_count": 9,
   "metadata": {},
   "outputs": [
    {
     "data": {
