{
 "cells": [
  {
   "cell_type": "code",
   "execution_count": 51,
   "metadata": {},
   "outputs": [],
   "source": [
    "import pandas as pd\n",
    "import pickle\n",
    "import seaborn as sns\n",
    "\n",
    "# Necessary imports\n",
    "import statsmodels.api as sm\n",
    "import statsmodels.formula.api as smf\n",
    "import patsy\n",
    "from statsmodels.multivariate.pca import PCA\n",
    "from sklearn.linear_model import LinearRegression\n",
    "import matplotlib.pyplot as plt\n",
    "import scipy.stats as stats\n",
    "%matplotlib inline"
   ]
  },
  {
   "cell_type": "code",
   "execution_count": 52,
   "metadata": {},
   "outputs": [],
   "source": [
    "def diagnostic_plot(x, y):\n",
    "    plt.figure(figsize=(20,5))\n",
    "    \n",
    "    rgr = LinearRegression()\n",
    "    rgr.fit(x,y)\n",
    "    pred = rgr.predict(x)\n",
    "\n",
    "    plt.subplot(1, 3, 1)\n",
    "    plt.scatter(x,y)\n",
    "    plt.plot(x, pred, color='blue',linewidth=1)\n",
    "    plt.title(\"Regression fit\")\n",
    "    plt.xlabel(\"x\")\n",
    "    plt.ylabel(\"y\")\n",
    "    \n",
    "    plt.subplot(1, 3, 2)\n",
    "    res = y - pred\n",
    "    plt.scatter(pred, res)\n",
    "    plt.title(\"Residual plot\")\n",
    "    plt.xlabel(\"prediction\")\n",
    "    plt.ylabel(\"residuals\")\n",
    "    \n",
    "    plt.subplot(1, 3, 3)\n",
    "    #Generates a probability plot of sample data against the quantiles of a \n",
    "    # specified theoretical distribution \n",
    "    stats.probplot(res, dist=\"norm\", plot=plt)\n",
    "    plt.title(\"Normal Q-Q plot\")"
   ]
  },
  {
   "cell_type": "code",
   "execution_count": 53,
   "metadata": {},
   "outputs": [],
   "source": [
    "new_era = pickle.load(open('ready_for_model_new_era.p','rb'))"
   ]
  },
  {
   "cell_type": "code",
   "execution_count": 54,
   "metadata": {},
   "outputs": [
    {
     "data": {
      "text/html": [
       "<div>\n",
       "<style scoped>\n",
       "    .dataframe tbody tr th:only-of-type {\n",
       "        vertical-align: middle;\n",
       "    }\n",
       "\n",
       "    .dataframe tbody tr th {\n",
       "        vertical-align: top;\n",
       "    }\n",
       "\n",
       "    .dataframe thead th {\n",
       "        text-align: right;\n",
       "    }\n",
       "</style>\n",
       "<table border=\"1\" class=\"dataframe\">\n",
       "  <thead>\n",
       "    <tr style=\"text-align: right;\">\n",
       "      <th></th>\n",
       "      <th>ORtg_p1</th>\n",
       "      <th>ORtg_p2</th>\n",
       "      <th>ORtg_p3</th>\n",
       "      <th>ORtg_p4</th>\n",
       "      <th>ORtg_p5</th>\n",
       "      <th>DRtg_p1</th>\n",
       "      <th>DRtg_p2</th>\n",
       "      <th>DRtg_p3</th>\n",
       "      <th>DRtg_p4</th>\n",
       "      <th>DRtg_p5</th>\n",
       "      <th>win_per</th>\n",
       "      <th>year</th>\n",
       "    </tr>\n",
       "  </thead>\n",
       "  <tbody>\n",
       "    <tr>\n",
       "      <th>145</th>\n",
       "      <td>114.0</td>\n",
       "      <td>113.0</td>\n",
       "      <td>113.0</td>\n",
       "      <td>105.0</td>\n",
       "      <td>103.0</td>\n",
       "      <td>107</td>\n",
       "      <td>105</td>\n",
       "      <td>100</td>\n",
       "      <td>97</td>\n",
       "      <td>96</td>\n",
       "      <td>0.670732</td>\n",
       "      <td>2015</td>\n",
       "    </tr>\n",
       "    <tr>\n",
       "      <th>3</th>\n",
       "      <td>124.0</td>\n",
       "      <td>119.0</td>\n",
       "      <td>114.0</td>\n",
       "      <td>110.0</td>\n",
       "      <td>106.0</td>\n",
       "      <td>113</td>\n",
       "      <td>113</td>\n",
       "      <td>111</td>\n",
       "      <td>110</td>\n",
       "      <td>106</td>\n",
       "      <td>0.506173</td>\n",
       "      <td>2019</td>\n",
       "    </tr>\n",
       "    <tr>\n",
       "      <th>19</th>\n",
       "      <td>123.0</td>\n",
       "      <td>118.0</td>\n",
       "      <td>117.0</td>\n",
       "      <td>101.0</td>\n",
       "      <td>100.0</td>\n",
       "      <td>115</td>\n",
       "      <td>114</td>\n",
       "      <td>113</td>\n",
       "      <td>112</td>\n",
       "      <td>108</td>\n",
       "      <td>0.444444</td>\n",
       "      <td>2019</td>\n",
       "    </tr>\n",
       "    <tr>\n",
       "      <th>56</th>\n",
       "      <td>112.0</td>\n",
       "      <td>107.0</td>\n",
       "      <td>105.0</td>\n",
       "      <td>105.0</td>\n",
       "      <td>93.0</td>\n",
       "      <td>112</td>\n",
       "      <td>111</td>\n",
       "      <td>111</td>\n",
       "      <td>110</td>\n",
       "      <td>108</td>\n",
       "      <td>0.292683</td>\n",
       "      <td>2018</td>\n",
       "    </tr>\n",
       "    <tr>\n",
       "      <th>49</th>\n",
       "      <td>127.0</td>\n",
       "      <td>123.0</td>\n",
       "      <td>122.0</td>\n",
       "      <td>111.0</td>\n",
       "      <td>101.0</td>\n",
       "      <td>113</td>\n",
       "      <td>112</td>\n",
       "      <td>112</td>\n",
       "      <td>110</td>\n",
       "      <td>107</td>\n",
       "      <td>0.573171</td>\n",
       "      <td>2018</td>\n",
       "    </tr>\n",
       "  </tbody>\n",
       "</table>\n",
       "</div>"
      ],
      "text/plain": [
       "     ORtg_p1  ORtg_p2  ORtg_p3  ORtg_p4  ORtg_p5  DRtg_p1  DRtg_p2  DRtg_p3  \\\n",
       "145    114.0    113.0    113.0    105.0    103.0      107      105      100   \n",
       "3      124.0    119.0    114.0    110.0    106.0      113      113      111   \n",
       "19     123.0    118.0    117.0    101.0    100.0      115      114      113   \n",
       "56     112.0    107.0    105.0    105.0     93.0      112      111      111   \n",
       "49     127.0    123.0    122.0    111.0    101.0      113      112      112   \n",
       "\n",
       "     DRtg_p4  DRtg_p5   win_per  year  \n",
       "145       97       96  0.670732  2015  \n",
       "3        110      106  0.506173  2019  \n",
       "19       112      108  0.444444  2019  \n",
       "56       110      108  0.292683  2018  \n",
       "49       110      107  0.573171  2018  "
      ]
     },
     "execution_count": 54,
     "metadata": {},
     "output_type": "execute_result"
    }
   ],
   "source": [
    "new_era.sample(5)"
   ]
  },
  {
   "cell_type": "code",
   "execution_count": 55,
   "metadata": {},
   "outputs": [],
   "source": [
    "old_era = pickle.load(open('ready_for_model_old_era.p','rb'))"
   ]
  },
  {
   "cell_type": "code",
   "execution_count": 56,
   "metadata": {},
   "outputs": [
    {
     "data": {
      "text/html": [
       "<div>\n",
       "<style scoped>\n",
       "    .dataframe tbody tr th:only-of-type {\n",
       "        vertical-align: middle;\n",
       "    }\n",
       "\n",
       "    .dataframe tbody tr th {\n",
       "        vertical-align: top;\n",
       "    }\n",
       "\n",
       "    .dataframe thead th {\n",
       "        text-align: right;\n",
       "    }\n",
       "</style>\n",
       "<table border=\"1\" class=\"dataframe\">\n",
       "  <thead>\n",
       "    <tr style=\"text-align: right;\">\n",
       "      <th></th>\n",
       "      <th>ORtg_p1</th>\n",
       "      <th>ORtg_p2</th>\n",
       "      <th>ORtg_p3</th>\n",
       "      <th>ORtg_p4</th>\n",
       "      <th>ORtg_p5</th>\n",
       "      <th>DRtg_p1</th>\n",
       "      <th>DRtg_p2</th>\n",
       "      <th>DRtg_p3</th>\n",
       "      <th>DRtg_p4</th>\n",
       "      <th>DRtg_p5</th>\n",
       "      <th>win_per</th>\n",
       "      <th>year</th>\n",
       "    </tr>\n",
       "  </thead>\n",
       "  <tbody>\n",
       "    <tr>\n",
       "      <th>80</th>\n",
       "      <td>118.0</td>\n",
       "      <td>116.0</td>\n",
       "      <td>113.0</td>\n",
       "      <td>112.0</td>\n",
       "      <td>111.0</td>\n",
       "      <td>105</td>\n",
       "      <td>104</td>\n",
       "      <td>103</td>\n",
       "      <td>102</td>\n",
       "      <td>97</td>\n",
       "      <td>0.780488</td>\n",
       "      <td>1996</td>\n",
       "    </tr>\n",
       "    <tr>\n",
       "      <th>108</th>\n",
       "      <td>114.0</td>\n",
       "      <td>113.0</td>\n",
       "      <td>113.0</td>\n",
       "      <td>111.0</td>\n",
       "      <td>105.0</td>\n",
       "      <td>113</td>\n",
       "      <td>110</td>\n",
       "      <td>108</td>\n",
       "      <td>108</td>\n",
       "      <td>104</td>\n",
       "      <td>0.585366</td>\n",
       "      <td>1995</td>\n",
       "    </tr>\n",
       "    <tr>\n",
       "      <th>19</th>\n",
       "      <td>110.0</td>\n",
       "      <td>109.0</td>\n",
       "      <td>107.0</td>\n",
       "      <td>103.0</td>\n",
       "      <td>96.0</td>\n",
       "      <td>112</td>\n",
       "      <td>109</td>\n",
       "      <td>109</td>\n",
       "      <td>106</td>\n",
       "      <td>100</td>\n",
       "      <td>0.243902</td>\n",
       "      <td>1998</td>\n",
       "    </tr>\n",
       "    <tr>\n",
       "      <th>41</th>\n",
       "      <td>119.0</td>\n",
       "      <td>114.0</td>\n",
       "      <td>114.0</td>\n",
       "      <td>112.0</td>\n",
       "      <td>107.0</td>\n",
       "      <td>110</td>\n",
       "      <td>106</td>\n",
       "      <td>105</td>\n",
       "      <td>105</td>\n",
       "      <td>100</td>\n",
       "      <td>0.658537</td>\n",
       "      <td>1997</td>\n",
       "    </tr>\n",
       "    <tr>\n",
       "      <th>84</th>\n",
       "      <td>115.0</td>\n",
       "      <td>111.0</td>\n",
       "      <td>108.0</td>\n",
       "      <td>107.0</td>\n",
       "      <td>106.0</td>\n",
       "      <td>112</td>\n",
       "      <td>110</td>\n",
       "      <td>108</td>\n",
       "      <td>107</td>\n",
       "      <td>106</td>\n",
       "      <td>0.475610</td>\n",
       "      <td>1996</td>\n",
       "    </tr>\n",
       "  </tbody>\n",
       "</table>\n",
       "</div>"
      ],
      "text/plain": [
       "     ORtg_p1  ORtg_p2  ORtg_p3  ORtg_p4  ORtg_p5  DRtg_p1  DRtg_p2  DRtg_p3  \\\n",
       "80     118.0    116.0    113.0    112.0    111.0      105      104      103   \n",
       "108    114.0    113.0    113.0    111.0    105.0      113      110      108   \n",
       "19     110.0    109.0    107.0    103.0     96.0      112      109      109   \n",
       "41     119.0    114.0    114.0    112.0    107.0      110      106      105   \n",
       "84     115.0    111.0    108.0    107.0    106.0      112      110      108   \n",
       "\n",
       "     DRtg_p4  DRtg_p5   win_per  year  \n",
       "80       102       97  0.780488  1996  \n",
       "108      108      104  0.585366  1995  \n",
       "19       106      100  0.243902  1998  \n",
       "41       105      100  0.658537  1997  \n",
       "84       107      106  0.475610  1996  "
      ]
     },
     "execution_count": 56,
     "metadata": {},
     "output_type": "execute_result"
    }
   ],
   "source": [
    "old_era.sample(5)"
   ]
  },
  {
   "cell_type": "code",
   "execution_count": 57,
   "metadata": {},
   "outputs": [
    {
     "data": {
      "text/html": [
       "<div>\n",
       "<style scoped>\n",
       "    .dataframe tbody tr th:only-of-type {\n",
       "        vertical-align: middle;\n",
       "    }\n",
       "\n",
       "    .dataframe tbody tr th {\n",
       "        vertical-align: top;\n",
       "    }\n",
       "\n",
       "    .dataframe thead th {\n",
       "        text-align: right;\n",
       "    }\n",
       "</style>\n",
       "<table border=\"1\" class=\"dataframe\">\n",
       "  <thead>\n",
       "    <tr style=\"text-align: right;\">\n",
       "      <th></th>\n",
       "      <th>ORtg_p1</th>\n",
       "      <th>ORtg_p2</th>\n",
       "      <th>ORtg_p3</th>\n",
       "      <th>ORtg_p4</th>\n",
       "      <th>ORtg_p5</th>\n",
       "      <th>DRtg_p1</th>\n",
       "      <th>DRtg_p2</th>\n",
       "      <th>DRtg_p3</th>\n",
       "      <th>DRtg_p4</th>\n",
       "      <th>DRtg_p5</th>\n",
       "      <th>win_per</th>\n",
       "    </tr>\n",
       "  </thead>\n",
       "  <tbody>\n",
       "    <tr>\n",
       "      <th>ORtg_p1</th>\n",
       "      <td>1.000000</td>\n",
       "      <td>0.719574</td>\n",
       "      <td>0.663696</td>\n",
       "      <td>0.537881</td>\n",
       "      <td>0.393960</td>\n",
       "      <td>0.013880</td>\n",
       "      <td>-0.011098</td>\n",
       "      <td>0.017807</td>\n",
       "      <td>0.009695</td>\n",
       "      <td>-0.013058</td>\n",
       "      <td>0.552420</td>\n",
       "    </tr>\n",
       "    <tr>\n",
       "      <th>ORtg_p2</th>\n",
       "      <td>0.719574</td>\n",
       "      <td>1.000000</td>\n",
       "      <td>0.879322</td>\n",
       "      <td>0.695947</td>\n",
       "      <td>0.491905</td>\n",
       "      <td>-0.055791</td>\n",
       "      <td>-0.091264</td>\n",
       "      <td>-0.076899</td>\n",
       "      <td>-0.096152</td>\n",
       "      <td>-0.103984</td>\n",
       "      <td>0.662487</td>\n",
       "    </tr>\n",
       "    <tr>\n",
       "      <th>ORtg_p3</th>\n",
       "      <td>0.663696</td>\n",
       "      <td>0.879322</td>\n",
       "      <td>1.000000</td>\n",
       "      <td>0.806013</td>\n",
       "      <td>0.576224</td>\n",
       "      <td>-0.008924</td>\n",
       "      <td>-0.057347</td>\n",
       "      <td>-0.068764</td>\n",
       "      <td>-0.095648</td>\n",
       "      <td>-0.082880</td>\n",
       "      <td>0.669503</td>\n",
       "    </tr>\n",
       "    <tr>\n",
       "      <th>ORtg_p4</th>\n",
       "      <td>0.537881</td>\n",
       "      <td>0.695947</td>\n",
       "      <td>0.806013</td>\n",
       "      <td>1.000000</td>\n",
       "      <td>0.684442</td>\n",
       "      <td>0.009746</td>\n",
       "      <td>-0.030977</td>\n",
       "      <td>-0.031169</td>\n",
       "      <td>-0.062417</td>\n",
       "      <td>-0.032550</td>\n",
       "      <td>0.624085</td>\n",
       "    </tr>\n",
       "    <tr>\n",
       "      <th>ORtg_p5</th>\n",
       "      <td>0.393960</td>\n",
       "      <td>0.491905</td>\n",
       "      <td>0.576224</td>\n",
       "      <td>0.684442</td>\n",
       "      <td>1.000000</td>\n",
       "      <td>-0.025293</td>\n",
       "      <td>-0.087016</td>\n",
       "      <td>-0.081515</td>\n",
       "      <td>-0.082169</td>\n",
       "      <td>-0.042638</td>\n",
       "      <td>0.526428</td>\n",
       "    </tr>\n",
       "    <tr>\n",
       "      <th>DRtg_p1</th>\n",
       "      <td>0.013880</td>\n",
       "      <td>-0.055791</td>\n",
       "      <td>-0.008924</td>\n",
       "      <td>0.009746</td>\n",
       "      <td>-0.025293</td>\n",
       "      <td>1.000000</td>\n",
       "      <td>0.939008</td>\n",
       "      <td>0.895592</td>\n",
       "      <td>0.869105</td>\n",
       "      <td>0.777313</td>\n",
       "      <td>-0.562334</td>\n",
       "    </tr>\n",
       "    <tr>\n",
       "      <th>DRtg_p2</th>\n",
       "      <td>-0.011098</td>\n",
       "      <td>-0.091264</td>\n",
       "      <td>-0.057347</td>\n",
       "      <td>-0.030977</td>\n",
       "      <td>-0.087016</td>\n",
       "      <td>0.939008</td>\n",
       "      <td>1.000000</td>\n",
       "      <td>0.931749</td>\n",
       "      <td>0.886257</td>\n",
       "      <td>0.783527</td>\n",
       "      <td>-0.588311</td>\n",
       "    </tr>\n",
       "    <tr>\n",
       "      <th>DRtg_p3</th>\n",
       "      <td>0.017807</td>\n",
       "      <td>-0.076899</td>\n",
       "      <td>-0.068764</td>\n",
       "      <td>-0.031169</td>\n",
       "      <td>-0.081515</td>\n",
       "      <td>0.895592</td>\n",
       "      <td>0.931749</td>\n",
       "      <td>1.000000</td>\n",
       "      <td>0.933885</td>\n",
       "      <td>0.812082</td>\n",
       "      <td>-0.569696</td>\n",
       "    </tr>\n",
       "    <tr>\n",
       "      <th>DRtg_p4</th>\n",
       "      <td>0.009695</td>\n",
       "      <td>-0.096152</td>\n",
       "      <td>-0.095648</td>\n",
       "      <td>-0.062417</td>\n",
       "      <td>-0.082169</td>\n",
       "      <td>0.869105</td>\n",
       "      <td>0.886257</td>\n",
       "      <td>0.933885</td>\n",
       "      <td>1.000000</td>\n",
       "      <td>0.844869</td>\n",
       "      <td>-0.590446</td>\n",
       "    </tr>\n",
       "    <tr>\n",
       "      <th>DRtg_p5</th>\n",
       "      <td>-0.013058</td>\n",
       "      <td>-0.103984</td>\n",
       "      <td>-0.082880</td>\n",
       "      <td>-0.032550</td>\n",
       "      <td>-0.042638</td>\n",
       "      <td>0.777313</td>\n",
       "      <td>0.783527</td>\n",
       "      <td>0.812082</td>\n",
       "      <td>0.844869</td>\n",
       "      <td>1.000000</td>\n",
       "      <td>-0.535093</td>\n",
       "    </tr>\n",
       "    <tr>\n",
       "      <th>win_per</th>\n",
       "      <td>0.552420</td>\n",
       "      <td>0.662487</td>\n",
       "      <td>0.669503</td>\n",
       "      <td>0.624085</td>\n",
       "      <td>0.526428</td>\n",
       "      <td>-0.562334</td>\n",
       "      <td>-0.588311</td>\n",
       "      <td>-0.569696</td>\n",
       "      <td>-0.590446</td>\n",
       "      <td>-0.535093</td>\n",
       "      <td>1.000000</td>\n",
       "    </tr>\n",
       "  </tbody>\n",
       "</table>\n",
       "</div>"
      ],
      "text/plain": [
       "          ORtg_p1   ORtg_p2   ORtg_p3   ORtg_p4   ORtg_p5   DRtg_p1   DRtg_p2  \\\n",
       "ORtg_p1  1.000000  0.719574  0.663696  0.537881  0.393960  0.013880 -0.011098   \n",
       "ORtg_p2  0.719574  1.000000  0.879322  0.695947  0.491905 -0.055791 -0.091264   \n",
       "ORtg_p3  0.663696  0.879322  1.000000  0.806013  0.576224 -0.008924 -0.057347   \n",
       "ORtg_p4  0.537881  0.695947  0.806013  1.000000  0.684442  0.009746 -0.030977   \n",
       "ORtg_p5  0.393960  0.491905  0.576224  0.684442  1.000000 -0.025293 -0.087016   \n",
       "DRtg_p1  0.013880 -0.055791 -0.008924  0.009746 -0.025293  1.000000  0.939008   \n",
       "DRtg_p2 -0.011098 -0.091264 -0.057347 -0.030977 -0.087016  0.939008  1.000000   \n",
       "DRtg_p3  0.017807 -0.076899 -0.068764 -0.031169 -0.081515  0.895592  0.931749   \n",
       "DRtg_p4  0.009695 -0.096152 -0.095648 -0.062417 -0.082169  0.869105  0.886257   \n",
       "DRtg_p5 -0.013058 -0.103984 -0.082880 -0.032550 -0.042638  0.777313  0.783527   \n",
       "win_per  0.552420  0.662487  0.669503  0.624085  0.526428 -0.562334 -0.588311   \n",
       "\n",
       "          DRtg_p3   DRtg_p4   DRtg_p5   win_per  \n",
       "ORtg_p1  0.017807  0.009695 -0.013058  0.552420  \n",
       "ORtg_p2 -0.076899 -0.096152 -0.103984  0.662487  \n",
       "ORtg_p3 -0.068764 -0.095648 -0.082880  0.669503  \n",
       "ORtg_p4 -0.031169 -0.062417 -0.032550  0.624085  \n",
       "ORtg_p5 -0.081515 -0.082169 -0.042638  0.526428  \n",
       "DRtg_p1  0.895592  0.869105  0.777313 -0.562334  \n",
       "DRtg_p2  0.931749  0.886257  0.783527 -0.588311  \n",
       "DRtg_p3  1.000000  0.933885  0.812082 -0.569696  \n",
       "DRtg_p4  0.933885  1.000000  0.844869 -0.590446  \n",
       "DRtg_p5  0.812082  0.844869  1.000000 -0.535093  \n",
       "win_per -0.569696 -0.590446 -0.535093  1.000000  "
      ]
     },
     "execution_count": 57,
     "metadata": {},
     "output_type": "execute_result"
    }
   ],
   "source": [
    "new_era.corr()"
   ]
  },
  {
   "cell_type": "code",
   "execution_count": 58,
   "metadata": {},
   "outputs": [
    {
     "data": {
      "text/html": [
       "<div>\n",
       "<style scoped>\n",
       "    .dataframe tbody tr th:only-of-type {\n",
       "        vertical-align: middle;\n",
       "    }\n",
       "\n",
       "    .dataframe tbody tr th {\n",
       "        vertical-align: top;\n",
       "    }\n",
       "\n",
       "    .dataframe thead th {\n",
       "        text-align: right;\n",
       "    }\n",
       "</style>\n",
       "<table border=\"1\" class=\"dataframe\">\n",
       "  <thead>\n",
       "    <tr style=\"text-align: right;\">\n",
       "      <th></th>\n",
       "      <th>ORtg_p1</th>\n",
       "      <th>ORtg_p2</th>\n",
       "      <th>ORtg_p3</th>\n",
       "      <th>ORtg_p4</th>\n",
       "      <th>ORtg_p5</th>\n",
       "      <th>DRtg_p1</th>\n",
       "      <th>DRtg_p2</th>\n",
       "      <th>DRtg_p3</th>\n",
       "      <th>DRtg_p4</th>\n",
       "      <th>DRtg_p5</th>\n",
       "      <th>win_per</th>\n",
       "    </tr>\n",
       "  </thead>\n",
       "  <tbody>\n",
       "    <tr>\n",
       "      <th>ORtg_p1</th>\n",
       "      <td>1.000000</td>\n",
       "      <td>0.788403</td>\n",
       "      <td>0.720945</td>\n",
       "      <td>0.660583</td>\n",
       "      <td>0.621686</td>\n",
       "      <td>-0.246105</td>\n",
       "      <td>-0.199077</td>\n",
       "      <td>-0.233091</td>\n",
       "      <td>-0.213156</td>\n",
       "      <td>-0.260389</td>\n",
       "      <td>0.588722</td>\n",
       "    </tr>\n",
       "    <tr>\n",
       "      <th>ORtg_p2</th>\n",
       "      <td>0.788403</td>\n",
       "      <td>1.000000</td>\n",
       "      <td>0.890595</td>\n",
       "      <td>0.827016</td>\n",
       "      <td>0.713108</td>\n",
       "      <td>-0.243685</td>\n",
       "      <td>-0.197609</td>\n",
       "      <td>-0.210564</td>\n",
       "      <td>-0.201818</td>\n",
       "      <td>-0.286243</td>\n",
       "      <td>0.701382</td>\n",
       "    </tr>\n",
       "    <tr>\n",
       "      <th>ORtg_p3</th>\n",
       "      <td>0.720945</td>\n",
       "      <td>0.890595</td>\n",
       "      <td>1.000000</td>\n",
       "      <td>0.909239</td>\n",
       "      <td>0.770246</td>\n",
       "      <td>-0.283781</td>\n",
       "      <td>-0.256215</td>\n",
       "      <td>-0.273804</td>\n",
       "      <td>-0.259427</td>\n",
       "      <td>-0.320193</td>\n",
       "      <td>0.735622</td>\n",
       "    </tr>\n",
       "    <tr>\n",
       "      <th>ORtg_p4</th>\n",
       "      <td>0.660583</td>\n",
       "      <td>0.827016</td>\n",
       "      <td>0.909239</td>\n",
       "      <td>1.000000</td>\n",
       "      <td>0.835909</td>\n",
       "      <td>-0.283242</td>\n",
       "      <td>-0.273376</td>\n",
       "      <td>-0.286686</td>\n",
       "      <td>-0.288686</td>\n",
       "      <td>-0.355197</td>\n",
       "      <td>0.750162</td>\n",
       "    </tr>\n",
       "    <tr>\n",
       "      <th>ORtg_p5</th>\n",
       "      <td>0.621686</td>\n",
       "      <td>0.713108</td>\n",
       "      <td>0.770246</td>\n",
       "      <td>0.835909</td>\n",
       "      <td>1.000000</td>\n",
       "      <td>-0.256497</td>\n",
       "      <td>-0.231576</td>\n",
       "      <td>-0.226668</td>\n",
       "      <td>-0.232073</td>\n",
       "      <td>-0.272396</td>\n",
       "      <td>0.678353</td>\n",
       "    </tr>\n",
       "    <tr>\n",
       "      <th>DRtg_p1</th>\n",
       "      <td>-0.246105</td>\n",
       "      <td>-0.243685</td>\n",
       "      <td>-0.283781</td>\n",
       "      <td>-0.283242</td>\n",
       "      <td>-0.256497</td>\n",
       "      <td>1.000000</td>\n",
       "      <td>0.942928</td>\n",
       "      <td>0.909064</td>\n",
       "      <td>0.885584</td>\n",
       "      <td>0.845423</td>\n",
       "      <td>-0.717363</td>\n",
       "    </tr>\n",
       "    <tr>\n",
       "      <th>DRtg_p2</th>\n",
       "      <td>-0.199077</td>\n",
       "      <td>-0.197609</td>\n",
       "      <td>-0.256215</td>\n",
       "      <td>-0.273376</td>\n",
       "      <td>-0.231576</td>\n",
       "      <td>0.942928</td>\n",
       "      <td>1.000000</td>\n",
       "      <td>0.961305</td>\n",
       "      <td>0.917771</td>\n",
       "      <td>0.855628</td>\n",
       "      <td>-0.719322</td>\n",
       "    </tr>\n",
       "    <tr>\n",
       "      <th>DRtg_p3</th>\n",
       "      <td>-0.233091</td>\n",
       "      <td>-0.210564</td>\n",
       "      <td>-0.273804</td>\n",
       "      <td>-0.286686</td>\n",
       "      <td>-0.226668</td>\n",
       "      <td>0.909064</td>\n",
       "      <td>0.961305</td>\n",
       "      <td>1.000000</td>\n",
       "      <td>0.926036</td>\n",
       "      <td>0.856228</td>\n",
       "      <td>-0.715992</td>\n",
       "    </tr>\n",
       "    <tr>\n",
       "      <th>DRtg_p4</th>\n",
       "      <td>-0.213156</td>\n",
       "      <td>-0.201818</td>\n",
       "      <td>-0.259427</td>\n",
       "      <td>-0.288686</td>\n",
       "      <td>-0.232073</td>\n",
       "      <td>0.885584</td>\n",
       "      <td>0.917771</td>\n",
       "      <td>0.926036</td>\n",
       "      <td>1.000000</td>\n",
       "      <td>0.903129</td>\n",
       "      <td>-0.711486</td>\n",
       "    </tr>\n",
       "    <tr>\n",
       "      <th>DRtg_p5</th>\n",
       "      <td>-0.260389</td>\n",
       "      <td>-0.286243</td>\n",
       "      <td>-0.320193</td>\n",
       "      <td>-0.355197</td>\n",
       "      <td>-0.272396</td>\n",
       "      <td>0.845423</td>\n",
       "      <td>0.855628</td>\n",
       "      <td>0.856228</td>\n",
       "      <td>0.903129</td>\n",
       "      <td>1.000000</td>\n",
       "      <td>-0.747217</td>\n",
       "    </tr>\n",
       "    <tr>\n",
       "      <th>win_per</th>\n",
       "      <td>0.588722</td>\n",
       "      <td>0.701382</td>\n",
       "      <td>0.735622</td>\n",
       "      <td>0.750162</td>\n",
       "      <td>0.678353</td>\n",
       "      <td>-0.717363</td>\n",
       "      <td>-0.719322</td>\n",
       "      <td>-0.715992</td>\n",
       "      <td>-0.711486</td>\n",
       "      <td>-0.747217</td>\n",
       "      <td>1.000000</td>\n",
       "    </tr>\n",
       "  </tbody>\n",
       "</table>\n",
       "</div>"
      ],
      "text/plain": [
       "          ORtg_p1   ORtg_p2   ORtg_p3   ORtg_p4   ORtg_p5   DRtg_p1   DRtg_p2  \\\n",
       "ORtg_p1  1.000000  0.788403  0.720945  0.660583  0.621686 -0.246105 -0.199077   \n",
       "ORtg_p2  0.788403  1.000000  0.890595  0.827016  0.713108 -0.243685 -0.197609   \n",
       "ORtg_p3  0.720945  0.890595  1.000000  0.909239  0.770246 -0.283781 -0.256215   \n",
       "ORtg_p4  0.660583  0.827016  0.909239  1.000000  0.835909 -0.283242 -0.273376   \n",
       "ORtg_p5  0.621686  0.713108  0.770246  0.835909  1.000000 -0.256497 -0.231576   \n",
       "DRtg_p1 -0.246105 -0.243685 -0.283781 -0.283242 -0.256497  1.000000  0.942928   \n",
       "DRtg_p2 -0.199077 -0.197609 -0.256215 -0.273376 -0.231576  0.942928  1.000000   \n",
       "DRtg_p3 -0.233091 -0.210564 -0.273804 -0.286686 -0.226668  0.909064  0.961305   \n",
       "DRtg_p4 -0.213156 -0.201818 -0.259427 -0.288686 -0.232073  0.885584  0.917771   \n",
       "DRtg_p5 -0.260389 -0.286243 -0.320193 -0.355197 -0.272396  0.845423  0.855628   \n",
       "win_per  0.588722  0.701382  0.735622  0.750162  0.678353 -0.717363 -0.719322   \n",
       "\n",
       "          DRtg_p3   DRtg_p4   DRtg_p5   win_per  \n",
       "ORtg_p1 -0.233091 -0.213156 -0.260389  0.588722  \n",
       "ORtg_p2 -0.210564 -0.201818 -0.286243  0.701382  \n",
       "ORtg_p3 -0.273804 -0.259427 -0.320193  0.735622  \n",
       "ORtg_p4 -0.286686 -0.288686 -0.355197  0.750162  \n",
       "ORtg_p5 -0.226668 -0.232073 -0.272396  0.678353  \n",
       "DRtg_p1  0.909064  0.885584  0.845423 -0.717363  \n",
       "DRtg_p2  0.961305  0.917771  0.855628 -0.719322  \n",
       "DRtg_p3  1.000000  0.926036  0.856228 -0.715992  \n",
       "DRtg_p4  0.926036  1.000000  0.903129 -0.711486  \n",
       "DRtg_p5  0.856228  0.903129  1.000000 -0.747217  \n",
       "win_per -0.715992 -0.711486 -0.747217  1.000000  "
      ]
     },
     "execution_count": 58,
     "metadata": {},
     "output_type": "execute_result"
    }
   ],
   "source": [
    "old_era.corr()"
   ]
  },
  {
   "cell_type": "code",
   "execution_count": 59,
   "metadata": {},
   "outputs": [
    {
     "data": {
